%YAML:1.0
calibration_Time: "Tue Mar 18 00:34:06 2014"
nrOfFrames: 7
image_Width: 500
image_Height: 888
board_Width: 9
board_Height: 6
square_Size: 22.
FixAspectRatio: 1.
flagValue: 2
Camera_Matrix: !!opencv-matrix
   rows: 3
   cols: 3
   dt: d
   data: [ 9.3917748355209255e+02, 0., 2.8581296802660052e+02, 0.,
       9.3917748355209255e+02, 3.4586465094599612e+02, 0., 0., 1. ]
Distortion_Coefficients: !!opencv-matrix
   rows: 5
   cols: 1
   dt: d
   data: [ -5.6697603665763464e-02, 1.4614933207282410e-01,
       -2.0794949372678544e-02, -2.9613956143842737e-02,
       1.1742032167200889e-01 ]
Avg_Reprojection_Error: 6.3078435216045525e-01
Per_View_Reprojection_Errors: !!opencv-matrix
   rows: 7
   cols: 1
   dt: f
   data: [ 4.47618544e-01, 3.20696622e-01, 9.80087757e-01,
       2.72333831e-01, 6.12889051e-01, 9.09384012e-01, 4.94634718e-01 ]
Extrinsic_Parameters: !!opencv-matrix
   rows: 7
   cols: 6
   dt: d
   data: [ -1.7295574221591356e-01, -4.7935999157292991e-01,
       6.9036216982639426e-02, -7.9575606489835010e+01,
       -7.8946550989892881e+00, 6.7673493487742621e+02,
       -6.0722570175185848e-02, 7.4725937118169286e-02,
       1.9228349423902148e-02, -1.1134814224479808e+02,
       -1.0633335480999490e+02, 8.9270606023142057e+02,
       -1.3664341523226914e-01, 8.2554721705875370e-02,
       3.5654571313558030e-02, -3.1511451949971065e+01,
       -1.0327459009283194e+02, 4.3760993159613895e+02,
       -1.4290076177674327e-01, 8.9831352136459236e-02,
       3.7238645512310563e-02, 6.0217961857612053e+01,
       -1.4336543709212174e+02, 8.0477293207361436e+02,
       3.9867980046954482e-01, 2.6262509648505949e-01,
       -1.0719461807744905e-03, 1.5288344056595648e+02,
       -5.1589005275042574e+01, 9.4053727822075518e+02,
       -2.9953604861085403e-01, 4.4740783738629297e-01,
       -9.8546697294105604e-02, -1.4444912941115555e+02,
       2.0892411817130059e+02, 7.5823076769658417e+02,
       -6.3476973458762576e-03, 1.3064422239044263e-01,
       7.8984736054351401e-01, -4.5300035000677035e+01,
       -2.0915620066171861e+01, 7.1862308552449269e+02 ]
Image_points: !!opencv-matrix
   rows: 7
   cols: 54
   dt: "2f"
   data: [ 1.73499069e+02, 3.33556305e+02, 2.03106674e+02,
       3.37421570e+02, 2.30879089e+02, 3.40988342e+02, 2.57876282e+02,
       3.44485962e+02, 2.83987091e+02, 3.47799591e+02, 3.08892242e+02,
       3.50792023e+02, 3.33257446e+02, 3.53691925e+02, 3.56929962e+02,
       3.56510468e+02, 3.80210846e+02, 3.59152954e+02, 1.72435059e+02,
       3.64506805e+02, 2.02093628e+02, 3.67794769e+02, 2.29901855e+02,
       3.70829803e+02, 2.56829742e+02, 3.73786438e+02, 2.82874481e+02,
       3.76582703e+02, 3.07911041e+02, 3.79217010e+02, 3.32287811e+02,
       3.81591187e+02, 3.56175171e+02, 3.83945465e+02, 3.79411346e+02,
       3.86253876e+02, 1.71297882e+02, 3.95548981e+02, 2.00799789e+02,
       3.98143066e+02, 2.28610001e+02, 4.00593811e+02, 2.55702179e+02,
       4.02996857e+02, 2.81826599e+02, 4.05295349e+02, 3.06914276e+02,
       4.07353516e+02, 3.31385834e+02, 4.09364655e+02, 3.55400726e+02,
       4.11270630e+02, 3.78787659e+02, 4.13072784e+02, 1.69834412e+02,
       4.26479309e+02, 1.99739151e+02, 4.28485077e+02, 2.27554962e+02,
       4.30378418e+02, 2.54658813e+02, 4.32234131e+02, 2.80916443e+02,
       4.33840912e+02, 3.06079559e+02, 4.35511169e+02, 3.30564453e+02,
       4.37133698e+02, 3.54848541e+02, 4.38579102e+02, 3.78453064e+02,
       4.40078888e+02, 1.68474792e+02, 4.57503174e+02, 1.98347626e+02,
       4.58828644e+02, 2.26534973e+02, 4.60204834e+02, 2.53710968e+02,
       4.61414337e+02, 2.80042419e+02, 4.62565308e+02, 3.05461243e+02,
       4.63756866e+02, 3.30200439e+02, 4.64880951e+02, 3.54427551e+02,
       4.66008850e+02, 3.78295563e+02, 4.67130371e+02, 1.66720627e+02,
       4.88679657e+02, 1.97025452e+02, 4.89496124e+02, 2.25431198e+02,
       4.90289856e+02, 2.52844635e+02, 4.90991425e+02, 2.79259674e+02,
       4.91594971e+02, 3.05039978e+02, 4.92349579e+02, 3.29663605e+02,
       4.93037384e+02, 3.53918915e+02, 4.93672791e+02, 3.77411438e+02,
       4.94461670e+02, 1.66430008e+02, 2.31814819e+02, 1.90271545e+02,
       2.32462738e+02, 2.13582993e+02, 2.32963608e+02, 2.36950806e+02,
       2.33485504e+02, 2.60566620e+02, 2.34038452e+02, 2.83804535e+02,
       2.34318405e+02, 3.07110138e+02, 2.34488968e+02, 3.30484344e+02,
       2.34645645e+02, 3.54237885e+02, 2.34742691e+02, 1.65683777e+02,
       2.55202499e+02, 1.89692749e+02, 2.55884811e+02, 2.13011520e+02,
       2.56512268e+02, 2.36509598e+02, 2.57135498e+02, 2.60000458e+02,
       2.57571808e+02, 2.83426056e+02, 2.57983002e+02, 3.06524506e+02,
       2.58209229e+02, 3.30025024e+02, 2.58307617e+02, 3.53607513e+02,
       2.58417603e+02, 1.65304749e+02, 2.78621643e+02, 1.89226379e+02,
       2.79414459e+02, 2.12640533e+02, 2.80133636e+02, 2.36025665e+02,
       2.80618744e+02, 2.59533112e+02, 2.81186676e+02, 2.82829102e+02,
       2.81472076e+02, 3.06051575e+02, 2.81670837e+02, 3.29544464e+02,
       2.81734711e+02, 3.53290680e+02, 2.81718323e+02, 1.64692017e+02,
       3.02160461e+02, 1.88672073e+02, 3.02758759e+02, 2.12104584e+02,
       3.03478577e+02, 2.35544235e+02, 3.04136566e+02, 2.59024933e+02,
       3.04499847e+02, 2.82365021e+02, 3.04898193e+02, 3.05503174e+02,
       3.05159607e+02, 3.29082947e+02, 3.05128754e+02, 3.52689606e+02,
       3.05248169e+02, 1.64478180e+02, 3.25616760e+02, 1.88298447e+02,
       3.26280151e+02, 2.11602783e+02, 3.26780426e+02, 2.35106400e+02,
       3.27399323e+02, 2.58552856e+02, 3.27780060e+02, 2.81805298e+02,
       3.28264160e+02, 3.05110718e+02, 3.28403564e+02, 3.28569244e+02,
       3.28540253e+02, 3.52435852e+02, 3.28508667e+02, 1.64090027e+02,
       3.49237976e+02, 1.87805771e+02, 3.49723999e+02, 2.11159561e+02,
       3.50254761e+02, 2.34587341e+02, 3.50726715e+02, 2.58141602e+02,
       3.51291931e+02, 2.81418915e+02, 3.51523041e+02, 3.04660492e+02,
       3.51746460e+02, 3.28265045e+02, 3.52098969e+02, 3.51832184e+02,
       3.52321259e+02, 2.16088318e+02, 1.19824028e+02, 2.64811523e+02,
       1.21189377e+02, 3.12489166e+02, 1.22605652e+02, 3.59949951e+02,
       1.24020157e+02, 4.07515167e+02, 1.25324341e+02, 4.54205536e+02,
       1.26158859e+02, 5.00808929e+02, 1.26898109e+02, 5.47927002e+02,
       1.27471306e+02, 5.95998474e+02, 1.27687935e+02, 2.13404037e+02,
       1.66842880e+02, 2.62820312e+02, 1.68293427e+02, 3.10749542e+02,
       1.69640244e+02, 3.58726349e+02, 1.71044785e+02, 4.06231110e+02,
       1.72262070e+02, 4.53256531e+02, 1.73124634e+02, 4.99824463e+02,
       1.73937866e+02, 5.47421143e+02, 1.74597214e+02, 5.95643066e+02,
       1.75165405e+02, 2.10947662e+02, 2.14383713e+02, 2.60909607e+02,
       2.15703094e+02, 3.09266052e+02, 2.16902710e+02, 3.57350189e+02,
       2.18116974e+02, 4.05125763e+02, 2.19167740e+02, 4.52269836e+02,
       2.20197479e+02, 4.99221649e+02, 2.21062119e+02, 5.46945496e+02,
       2.21800293e+02, 5.95498901e+02, 2.22553406e+02, 2.08405548e+02,
       2.62483765e+02, 2.58608917e+02, 2.63508667e+02, 3.07320740e+02,
       2.64534912e+02, 3.55788635e+02, 2.65575653e+02, 4.03768982e+02,
       2.66535828e+02, 4.51287567e+02, 2.67559906e+02, 4.98613159e+02,
       2.68561218e+02, 5.46744995e+02, 2.69503418e+02, 5.95682678e+02,
       2.70603180e+02, 2.06341354e+02, 3.11019073e+02, 2.56326569e+02,
       3.11986816e+02, 3.05283875e+02, 3.12770630e+02, 3.53960999e+02,
       3.13638611e+02, 4.02547363e+02, 3.14587067e+02, 4.50307556e+02,
       3.15699188e+02, 4.98203003e+02, 3.16764160e+02, 5.46661377e+02,
       3.18073364e+02, 5.96207947e+02, 3.19437317e+02, 2.04253983e+02,
       3.60207184e+02, 2.54036133e+02, 3.61290649e+02, 3.02970398e+02,
       3.62177368e+02, 3.52129150e+02, 3.63000519e+02, 4.01135956e+02,
       3.63763763e+02, 4.49398438e+02, 3.65109314e+02, 4.97649902e+02,
       3.66322937e+02, 5.46767456e+02, 3.67883850e+02, 5.96406372e+02,
       3.69470276e+02, 3.55305023e+02, 1.77479660e+02, 3.81236267e+02,
