%YAML:1.0
cam_Found: !!opencv-matrix
   rows: 3
   cols: 4
   dt: d
   data: [ -4.8401350094603313e-01, 8.4354011692352915e-01,
       -2.3274664775803539e-01, 4.4111531001323927e+00,
       7.8972009754637640e-01, 3.0650777973444010e-01,
       -5.3140864548255640e-01, 2.2467049393940350e+01,
       -3.7692585269958062e-01, -4.4101366430406935e-01,
       -8.1451448695759354e-01, 1.6626580241432599e+01 ]
