%YAML:1.0
cam_Found: !!opencv-matrix
   rows: 3
   cols: 4
   dt: d
   data: [ 3.2668945810884709e-01, 5.0723370683027652e-02,
       -9.4376964224703708e-01, 1.7434458849509429e+01,
       -1.5025674315105822e-01, -9.8307165934879692e-01,
       -1.0484762144579164e-01, -2.7890514297679636e-01,
       -9.3311141301464373e-01, 1.7606036536300634e-01,
       -3.1353761919434786e-01, 5.4465719485886088e-01 ]
